0 1 1000 2000 17000 150 0 0
0 2 2400 3100 17500 150 0 0
0 3 1000 6500 17000 150 0 0
0 4 2400 7600 17500 150 0 0
0 5 1000 11000 17000 150 0 0
0 6 2400 12100 17500 150 0 0
0 7 1000 15500 17000 150 0 0
0 8 2400 16600 17500 150 0 0
0 9 1000 20000 17000 150 0 0
0 10 2400 21100 17500 150 0 0
0 11 1000 24500 17000 150 0 0
0 12 2400 25600 17500 150 0 0
0 13 1000 29000 17000 150 0 0
0 14 2400 30100 17500 150 0 0
0 15 1000 33500 17000 150 0 0
0 16 2400 34600 17500 150 0 0
0 17 1000 38000 17000 150 0 0
0 18 2400 39100 17500 150 0 0
0 19 1000 42500 17000 150 0 0
0 20 2400 43600 17500 150 0 0
0 21 1000 2000 22000 150 0 0
0 22 2400 3100 22500 150 0 0
0 23 1000 6500 22000 150 0 0
0 24 2400 7600 22500 150 0 0
0 25 1000 11000 22000 150 0 0
0 26 2400 12100 22500 150 0 0
0 27 1000 15500 22000 150 0 0
0 28 2400 16600 22500 150 0 0
0 29 1000 20000 22000 150 0 0
0 30 2400 21100 22500 150 0 0
0 31 1000 24500 22000 150 0 0
0 32 2400 25600 22500 150 0 0
0 33 1000 29000 22000 150 0 0
0 34 2400 30100 22500 150 0 0
0 35 1000 33500 22000 150 0 0
0 36 2400 34600 22500 150 0 0
0 37 1000 38000 22000 150 0 0
0 38 2400 39100 22500 150 0 0
0 39 1000 42500 22000 150 0 0
0 40 2400 43600 22500 150 0 0
0 41 1000 2000 27000 150 0 0
0 42 2400 3100 27500 150 0 0
0 43 1000 6500 27000 150 0 0
0 44 2400 7600 27500 150 0 0
0 45 1000 11000 27000 150 0 0
0 46 2400 12100 27500 150 0 0
0 47 1000 15500 27000 150 0 0
0 48 2400 16600 27500 150 0 0
0 49 1000 20000 27000 150 0 0
0 50 2400 21100 27500 150 0 0
0 51 1000 24500 27000 150 0 0
0 52 2400 25600 27500 150 0 0
0 53 1000 29000 27000 150 0 0
0 54 2400 30100 27500 150 0 0
0 55 1000 33500 27000 150 0 0
0 56 2400 34600 27500 150 0 0
0 57 1000 38000 27000 150 0 0
0 58 2400 39100 27500 150 0 0
0 59 1000 42500 27000 150 0 0
0 60 2400 43600 27500 150 0 0
2 61 5000 70000 16000 100 0 0
2 62 14000 73500 20500 125 0 0
2 63 23000 77000 25000 150 0 0
2 64 32000 80500 29500 175 0 0
2 65 41000 84000 34000 100 0 0
2 66 50000 87500 16000 125 0 0
2 67 59000 91000 20500 150 0 0
2 68 68000 94500 25000 175 0 0
2 69 5000 98000 29500 100 0 0
2 70 14000 101500 34000 125 0 0
2 71 23000 105000 16000 150 0 0
2 72 32000 108500 20500 175 0 0
2 73 41000 112000 25000 100 0 0
2 74 50000 115500 29500 125 0 0
2 75 59000 119000 34000 150 0 0
2 76 68000 122500 16000 175 0 0
2 77 5000 126000 20500 100 0 0
2 78 14000 129500 25000 125 0 0
2 79 23000 133000 29500 150 0 0
2 80 32000 136500 34000 175 0 0
2 81 41000 140000 16000 100 0 0
2 82 50000 143500 20500 125 0 0
2 83 59000 147000 25000 150 0 0
2 84 68000 150500 29500 175 0 0
2 85 5000 154000 34000 100 0 0
2 86 14000 157500 16000 125 0 0
2 87 23000 161000 20500 150 0 0
2 88 32000 164500 25000 175 0 0
2 89 41000 168000 29500 100 0 0
2 90 50000 171500 34000 125 0 0
2 91 59000 175000 16000 150 0 0
2 92 68000 178500 20500 175 0 0
2 93 5000 182000 25000 100 0 0
2 94 14000 185500 29500 125 0 0
2 95 23000 189000 34000 150 0 0
2 96 32000 192500 16000 175 0 0
2 97 41000 196000 20500 100 0 0
2 98 50000 199500 25000 125 0 0
2 99 59000 203000 29500 150 0 0
2 100 68000 206500 34000 175 0 0